4;0.90515;0.98389;0.48488;33.954;38.736
0.09;0;40;0.27183;32.152;0.86732;0.97169;0.40429;30.609;34.044
0.09;0;80;0.14748;30.128;0.82334;0.95005;0.32294;27.535;29.881
0.09;0;100;0.11487;29.154;0.80659;0.93939;0.29722;26.194;28.139
0.09;0;120;0.09491;28.372;0.79334;0.9296;0.27368;25.368;27.158
0.09;0;150;0.076986;27.885;0.77827;0.9159;0.24984;24.63;26.24
0.09;0;200;0.056702;27.129;0.75852;0.89518;0.21992;23.406;24.724
0.09;0;270;0.042501;26.411;0.73947;0.87134;0.19447;22.403;23.524
0.09;0.1;0.5;4.4844;56.529;0.99863;0.99985;0.97509;57.683;69.313
0.09;0.1;1.5;2.7644;48.482;0.99176;0.99917;0.88737;50.425;60.331
0.09;0.1;3;1.8653;44.19;0.98104;0.99794;0.78467;45.8;54.802
0.09;0.1;6;1.1877;40.337;0.96249;0.99536;0.66759;41.343;48.888
0.09;0.1;8;0.97131;38.869;0.95195;0.99368;0.62126;39.578;46.525
0.09;0.1;12;0.71971;36.969;0.93393;0.99047;0.55995;37.187;43.205
0.09;0.1;20;0.48142;34.781;0.90772;0.98475;0.49146;34.368;39.317
0.09;0.1;40;0.27183;32.364;0.8704;0.97324;0.41103;31.004;34.613
0.09;0.1;80;0.14748;30.311;0.82646;0.95253;0.32913;27.853;30.312
0.09;0.1;100;0.11487;29.311;0.80951;0.9423;0.30301;26.469;28.493
0.09;0.1;120;0.09491;28.522;0.79616;0.9328;0.27905;25.653;27.531
0.09;0.1;150;0.076986;28.056;0.78079;0.91959;0.25475;24.923;26.616
0.09;0.1;200;0.056702;27.342;0.76074;0.89974;0.22421;23.742;25.143
0.09;0.1;270;0.042501;26.659;0.74131;0.87685;0.19793;22.748;23.945
0.09;0.2;0.5;4.4844;57.743;0.99892;0.99988;0.98143;58.771;70.186
0.09;0.2;1.5;2.7644;48.941;0.99228;0.99924;0.89674;51.067;60.749
0.09;0.2;3;1.8653;44.541;0.9819;0.99808;0.79408;46.36;55.297
0.09;0.2;6;1.1877;40.6;0.96381;0.99562;0.67515;41.815;49.439
0.09;0.2;8;0.97131;39.104;0.95344;0.99401;0.62794;40.01;47.047
0.09;0.2;12;0.71971;37.167;0.93565;0.99091;0.56567;37.565;43.692
0.09;0.2;20;0.48142;34.949;0.90975;0.98541;0.49662;34.717;39.789
0.09;0.2;40;0.27183;32.533;0.87292;0.97444;0.41661;31.339;35.087
0.09;0.2;80;0.14748;30.451;0.82892;0.95448;0.33427;28.108;30.662
0.09;0.2;100;0.11487;29.426;0.81178;0.94449;0.30771;26.687;28.777
0.09;0.2;120;0.09491;28.637;0.7983;0.93514;0.28337;25.883;27.833
0.09;0.2;150;0.076986;28.19;0.78269;0.92236;0.25874;25.158;26.921
0.09;0.2;200;0.056702;27.513;0.76225;0.9031;0.22767;24.02;25.492
0.09;0.2;270;0.042501;26.859;0.74233;0.88078;0.20061;23.029;24.293
0.09;0.3;0.5;4.4844;58.88;0.99911;0.9999;0.98636;59.796;70.982
0.09;0.3;1.5;2.7644;49.272;0.9926;0.99929;0.90412;51.577;61.065
0.09;0.3;3;1.8653;44.787;0.98244;0.99817;0.80133;46.794;55.6
0.09;0.3;6;1.1877;40.775;0.96468;0.99581;0.68064;42.173;49.803
0.09;0.3;8;0.97131;39.256;0.95442;0.99423;0.63268;40.339;47.409
0.09;0.3;12;0.71971;37.293;0.93684;0.99122;0.56982;37.848;44.033
0.09;0.3;20;0.48142;35.061;0.91123;0.98587;0.50059;34.986;40.129
0.09;0.3;40;0.27183;32.65;0.87473;0.97527;0.42077;31.589;35.43
0.09;0.3;80;0.14748;30.541;0.83065;0.95581;0.33821;28.285;30.91
0.09;0.3;100;0.11487;29.498;0.81342;0.94598;0.31138;26.84;28.977
0.09;0.3;120;0.09491;28.715;0.79983;0.93674;0.2867;26.049;28.049
0.09;0.3;150;0.076986;28.281;0.78379;0.92414;0.26165;25.322;27.133
0.09;0.3;200;0.056702;27.636;0.76307;0.90523;0.23034;24.227;25.754
0.09;0.3;270;0.042501;27.001;0.74264;0.88319;0.20273;23.23;24.544
0.09;0.4;0.5;4.4844;59.676;0.99921;0.99991;0.98975;60.587;71.39
0.09;0.4;1.5;2.7644;49.442;0.99274;0.99931;0.90954;51.88;61.242
0.09;0.4;3;1.8653;44.902;0.98268;0.99822;0.80598;47.05;55.741
0.09;0.4;6;1.1877;40.849;0.96512;0.99591;0.68404;42.39;49.998
0.09;0.4;8;0.97131;39.322;0.95496;0.99436;0.63573;40.536;47.602
0.09;0.4;12;0.71971;37.347;0.93757;0.99139;0.57247;38.02;44.208
0.09;0.4;20;0.48142;35.115;0.91225;0.98614;0.50339;35.154;40.311
0.09;0.4;40;0.27183;32.712;0.87597;0.97577;0.42379;31.744;35.63
0.09;0.4;80;0.14748;30.58;0.83182;0.95657;0.34106;28.372;31.035
0.09;0.4;100;0.11487;29.524;0.81436;0.94681;0.31376;26.916;29.074
0.09;0.4;120;0.09491;28.754;0.8006;0.93754;0.28902;26.143;28.168
0.09;0.4;150;0.076986;28.329;0.7843;0.92498;0.26375;25.411;27.248
0.09;0.4;200;0.056702;27.707;0.76314;0.9062;0.23225;24.353;25.914
0.09;0.4;270;0.042501;27.082;0.74221;0.88412;0.2042;23.342;24.684
0.09;0.5;0.5;4.4844;59.781;0.9992;0.99991;0.9914;60.681;71.265
0.09;0.5;1.5;2.7644;49.421;0.99267;0.99931;0.91263;51.925;61.226
0.09;0.5;3;1.8653;44.874;0.9826;0.99822;0.80804;47.101;55.693
0.09;0.5;6;1.1877;40.819;0.96514;0.99592;0.68534;42.438;50.011
0.09;0.5;8;0.97131;39.298;0.95505;0.99438;0.63687;40.584;47.609
0.09;0.5;12;0.71971;37.327;0.93788;0.99145;0.57378;38.069;44.222
0.09;0.5;20;0.48142;35.106;0.91274;0.98624;0.50484;35.215;40.341
0.09;0.5;40;0.27183;32.72;0.87662;0.97594;0.42547;31.796;35.674
0.09;0.5;80;0.14748;30.568;0.83223;0.95672;0.34257;28.371;31.038
0.09;0.5;100;0.11487;29.504;0.81468;0.94699;0.31514;26.913;29.065
0.09;0.5;120;0.09491;28.753;0.80086;0.93764;0.29051;26.163;28.186
0.09;0.5;150;0.076986;28.331;0.7841;0.92496;0.26496;25.418;27.256
0.09;0.5;200;0.056702;27.726;0.76271;0.9061;0.23362;24.392;25.962
0.09;0.5;270;0.042501;27.098;0.74125;0.88365;0.20517;23.36;24.707
0.09;0.6;0.5;4.4844;59.156;0.9991;0.9999;0.99177;60.057;70.566
0.09;0.6;1.5;2.7644;49.22;0.99243;0.99928;0.91366;51.721;61.065
0.09;0.6;3;1.8653;44.704;0.98221;0.99818;0.80739;46.934;55.508
0.09;0.6;6;1.1877;40.684;0.96475;0.99586;0.68462;42.316;49.825
0.09;0.6;8;0.97131;39.183;0.9547;0.99432;0.63637;40.488;47.464
0.09;0.6;12;0.71971;37.228;0.93767;0.99137;0.5736;37.986;44.075
0.09;0.6;20;0.48142;35.036;0.91281;0.98614;0.50521;35.159;40.217
0.09;0.6;40;0.27183;32.674;0.87683;0.97581;0.42622;31.741;35.566
0.09;0.6;80;0.14748;30.508;0.8322;0.95639;0.34328;28.281;30.915
0.09;0.6;100;0.11487;29.439;0.81443;0.94653;0.31554;26.831;28.957
0.09;0.6;120;0.09491;28.713;0.80044;0.93703;0.29099;26.107;28.103
0.09;0.6;150;0.076986;28.289;0.78326;0.92409;0.26534;25.345;27.158
0.09;0.6;200;0.056702;27.69;0.76157;0.90496;0.23427;24.343;25.898
0.09;0.6;270;0.042501;27.049;0.73957;0.88191;0.20566;23.283;24.613
0.09;0.7;0.5;4.4844;58.027;0.99889;0.99988;0.99135;59.02;69.715
0.09;0.7;1.5;2.7644;48.861;0.992;0.99924;0.9127;51.299;60.69
0.09;0.7;3;1.8653;44.419;0.98158;0.99809;0.80463;46.567;55.15
0.09;0.7;6;1.1877;40.458;0.964;0.99572;0.68219;42.037;49.486
0.09;0.7;8;0.97131;38.983;0.95398;0.99416;0.6344;40.243;47.16
0.09;0.7;12;0.71971;37.062;0.93708;0.99118;0.57229;37.784;43.781
0.09;0.7;20;0.48142;34.911;0.91243;0.98588;0.50451;34.994;39.956
0.09;0.7;40;0.27183;32.579;0.87655;0.97537;0.42594;31.593;35.326
0.09;0.7;80;0.14748;30.4;0.83158;0.95552;0.34298;28.104;30.673
0.09;0.7;100;0.11487;29.332;0.81367;0.94549;0.31501;26.677;28.757
0.09;0.7;120;0.09491;28.634;0.79946;0.93573;0.29069;25.979;27.929
0.09;0.7;150;0.076986;28.204;0.78194;0.92243;0.26502;25.198;26.967
0.09;0.7;200;0.056702;27.606;0.75994;0.9029;0.23442;24.213;25.739
0.09;0.7;270;0.042501;26.941;0.73736;0.87904;0.20584;23.121;24.416
0.09;0.8;0.5;4.4844;56.786;0.99859;0.99985;0.99041;57.927;68.823
0.09;0.8;1.5;2.7644;48.379;0.9914;0.99917;0.90983;50.688;60.203
0.09;0.8;3;1.8653;44.03;0.98067;0.99796;0.79986;46.054;54.669
0.09;0.8;6;1.1877;40.158;0.96294;0.99551;0.67842;41.64;49.034
0.09;0.8;8;0.97131;38.716;0.95288;0.99391;0.63116;39.878;46.708
0.09;0.8;12;0.71971;36.834;0.93612;0.99085;0.56991;37.475;43.365
0.09;0.8;20;0.48142;34.734;0.91163;0.98545;0.50288;34.735;39.582
0.09;0.8;40;0.27183;32.435;0.87572;0.97464;0.42467;31.352;34.966
0.09;0.8;80;0.14748;30.249;0.83045;0.95419;0.3419;27.853;30.336
0.09;0.8;100;0.11487;29.186;0.81238;0.9439;0.3138;26.458;28.478
0.09;0.8;120;0.09491;28.525;0.79805;0.93383;0.28986;25.791;27.683
0.09;0.8;150;0.076986;28.082;0.78014;0.92005;0.26427;24.987;26.697
0.09;0.8;200;0.056702;27.473;0.75767;0.89987;0.23408;24.007;25.487
0.09;0.8;270;0.042501;26.779;0.73471;0.87497;0.20566;22.884;24.129
0.09;0.9;0.5;4.4844;55.633;0.99824;0.99981;0.98922;56.971;67.987
0.09;0.9;1.5;2.7644;47.818;0.99063;0.99908;0.9053;50.011;59.69
0.09;0.9;3;1.8653;43.567;0.97949;0.99778;0.79355;45.435;54.048
0.09;0.9;6;1.1877;39.792;0.96149;0.99523;0.67343;41.144;48.473
0.09;0.9;8;0.97131;38.388;0.95142;0.99357;0.62689;39.428;46.164
0.09;0.9;12;0.71971;36.554;0.93469;0.99041;0.56656;37.081;42.846
0.09;0.9;20;0.48142;34.514;0.91048;0.98487;0.50059;34.402;39.124
0.09;0.9;40;0.27183;32.256;0.87452;0.97364;0.42277;31.048;34.528
0.09;0.9;80;0.14748;30.063;0.82886;0.9524;0.34017;27.542;29.926
0.09;0.9;100;0.11487;29.005;0.81054;0.94177;0.3119;26.184;28.134
0.09;0.9;120;0.09491;28.386;0.79613;0.93132;0.28847;25.55;27.375
0.09;0.9;150;0.076986;27.925;0.77778;0.91695;0.2631;24.721;26.361
0.09;0.9;200;0.056702;27.301;0.75493;0.89606;0.23354;23.742;25.165
0.09;0.9;270;0.042501;26.568;0.7316;0.87004;0.20519;22.584;23.772
0.09;1;0.5;4.4844;54.607;0.99783;0.99977;0.98791;56.091;67.192
0.09;1;1.5;2.7644;47.205;0.98968;0.99897;0.89939;49.274;59.077
0.09;1;3;1.8653;43.06;0.97809;0.99757;0.78614;44.782;53.395
0.09;1;6;1.1877;39.381;0.95977;0.99488;0.66753;40.584;47.83
0.09;1;8;0.97131;38.018;0.94967;0.99315;0.62201;38.918;45.539
0.09;1;12;0.71971;36.235;0.93302;0.98988;0.5626;36.635;42.272
0.09;1;20;0.48142;34.258;0.90897;0.98412;0.49758;34.01;38.595
0.09;1;40;0.27183;32.042;0.87292;0.97238;0.42022;30.686;34.026
0.09;1;80;0.14748;29.843;0.82681;0.95019;0.33791;27.184;29.463
0.09;1;100;0.11487;28.794;0.80836;0.93916;0.3097;25.868;27.742
0.09;1;120;0.09491;28.224;0.79376;0.92827;0.28658;25.269;27.022
0.09;1;150;0.076986;27.737;0.77496;0.9132;0.26154;24.411;25.977
0.09;1;200;0.056702;27.093;0.75188;0.89149;0.23264;23.427;24.785
0.09;1;270;0.042501;26.321;0.72814;0.86425;0.20463;22.24;23.369
0.1;0;0.5;4.4904;55.45;0.99829;0.99981;0.96816;56.735;68.307
0.1;0;1.5;2.7735;47.97;0.99112;0.99908;0.87709;49.732;59.726
0.1;0;3;1.8733;43.789;0.98003;0.99777;0.77434;45.177;54.169
0.1;0;6;1.1937;40.037;0.96098;0.99505;0.65946;40.832;48.273
0.1;0;8;0.97646;38.607;0.95034;0.99331;0.61422;39.113;45.93
0.1;0;12;0.72428;36.745;0.93212;0.98998;0.55397;36.769;42.644
0.1;0;20;0.48482;34.593;0.90566;0.984;0.48604;33.99;38.78
0.1;0;40;0.27358;32.178;0.8678;0.97185;0.40509;30.643;34.083
0.1;0;80;0.14874;30.15;0.82415;0.95038;0.32388;27.568;29.921
0.1;0;100;0.11587;29.169;0.8073;0.93979;0.29814;26.215;28.165
0.1;0;120;0.095886;28.391;0.79391;0.93004;0.27467;25.388;27.181
0.1;0;150;0.077677;27.895;0.77884;0.91657;0.25063;24.644;26.255
0.1;0;200;0.05717;27.142;0.75905;0.89628;0.22085;23.423;24.746
0.1;0;270;0.042725;26.419;0.73977;0.87237;0.19529;22.412;23.534
0.1;0.1;0.5;4.4904;56.579;0.99865;0.99985;0.97534;57.712;69.336
0.1;0.1;1.5;2.7735;48.53;0.99186;0.99918;0.88829;50.468;60.372
0.1;0.1;3;1.8733;44.232;0.98123;0.99796;0.78599;45.835;54.841
0.1;0.1;6;1.1937;40.383;0.9628;0.9954;0.66905;41.392;48.95
0.1;0.1;8;0.97646;38.914;0.95237;0.99374;0.62274;39.625;46.587
0.1;0.1;12;0.72428;37.008;0.93444;0.99057;0.5613;37.225;43.258
0.1;0.1;20;0.48482;34.816;0.90828;0.98487;0.49268;34.41;39.366
0.1;0.1;40;0.27358;32.393;0.87091;0.97341;0.4119;31.044;34.657
0.1;0.1;80;0.14874;30.337;0.82733;0.95292;0.33017;27.892;30.362
0.1;0.1;100;0.11587;29.329;0.81032;0.94275;0.30413;26.494;28.524
0.1;0.1;120;0.095886;28.543;0.79686;0.93329;0.28015;25.677;27.558
0.1;0.1;150;0.077677;28.068;0.78143;0.9203;0.25563;24.941;26.637
0.1;0.1;200;0.05717;27.357;0.76139;0.90083;0.22529;23.763;25.17
0.1;0.1;270;0.042725;26.669;0.7416;0.87791;0.19882;22.762;23.959
0.1;0.2;0.5;4.4904;57.823;0.99894;0.99988;0.98167;58.805;70.242
0.1;0.2;1.5;2.7735;48.994;0.99238;0.99925;0.89769;51.114;60.806
0.1;0.2;3;1.8733;44.59;0.98207;0.9981;0.79553;46.399;55.339
0.1;0.2;6;1.1937;40.649;0.96412;0.99567;0.67666;41.866;49.5
0.1;0.2;8;0.97646;39.155;0.95391;0.99408;0.62963;40.066;47.121
0.1;0.2;12;0.72428;37.209;0.93619;0.99101;0.56708;37.607;43.754
0.1;0.2;20;0.48482;34.985;0.9103;0.98553;0.49791;34.765;39.85
0.1;0.2;40;0.27358;32.563;0.8734;0.97462;0.41747;31.381;35.134
0.1;0.2;80;0.14874;30.478;0.82977;0.95487;0.33537;28.149;30.717
0.1;0.2;100;0.11587;29.444;0.81256;0.94492;0.30884;26.713;28.808
0.1;0.2;120;0.095886;28.66;0.799;0.93568;0.28452;25.909;27.863
0.1;0.2;150;0.077677;28.203;0.78331;0.92305;0.25967;25.18;26.946
0.1;0.2;200;0.05717;27.528;0.76288;0.90411;0.22875;24.042;25.522
0.1;0.2;270;0.042725;26.871;0.7427;0.88186;0.20161;23.047;24.313
0.1;0.3;0.5;4.4904;58.992;0.99913;0.9999;0.98665;59.869;71.075
0.1;0.3;1.5;2.7735;49.33;0.99269;0.9993;0.90511;51.628;61.13
0.1;0.3;3;1.8733;44.84;0.98262;0.9982;0.80287;46.839;55.648
0.1;0.3;6;1.1937;40.829;0.96499;0.99585;0.6823;42.232;49.871
0.1;0.3;8;0.97646;39.31;0.95487;0.9943;0.63445;40.401;47.49
0.1;0.3;12;0.72428;37.339;0.93741;0.99132;0.57135;37.897;44.101
0.1;0.3;20;0.48482;35.099;0.91182;0.98599;0.50196;35.037;40.19
0.1;0.3;40;0.27358;32.683;0.87527;0.97545;0.42177;31.634;35.482
0.1;0.3;80;0.14874;30.571;0.83156;0.95622;0.33932;28.328;30.967
0.1;0.3;100;0.11587;29.517;0.81421;0.94644;0.31256;26.867;29.01
0.1;0.3;120;0.095886;28.738;0.80059;0.93728;0.28791;26.076;28.081
0.1;0.3;150;0.077677;28.295;0.78443;0.92481;0.26265;25.347;27.163
0.1;0.3;200;0.05717;27.65;0.76378;0.90617;0.23146;24.251;25.786
0.1;0.3;270;0.042725;27.014;0.74301;0.88421;0.20373;23.251;24.567
0.1;0.4;0.5;4.4904;59.821;0.99923;0.99992;0.99005;60.691;71.549
0.1;0.4;1.5;2.7735;49.498;0.99283;0.99932;0.91053;51.925;61.281
0.1;0.4;3;1.8733;44.956;0.98285;0.99824;0.80757;47.102;55.793
0.1;0.4;6;1.1937;40.903;0.96542;0.99595;0.6857;42.45;50.064
0.1;0.4;8;0.97646;39.377;0.95542;0.99442;0.63755;40.6;47.688
0.1;0.4;12;0.72428;37.391;0.93809;0.99149;0.57395;38.068;44.277
0.1;0.4;20;0.48482;35.153;0.91284;0.98626;0.50474;35.208;40.378
0.1;0.4;40;0.27358;32.746;0.87654;0.97595;0.42484;31.79;35.683
0.1;0.4;80;0.14874;30.611;0.83274;0.95699;0.34224;28.418;31.096
0.1;0.4;100;0.11587;29.544;0.81517;0.94728;0.31504;26.945;29.11
0.1;0.4;120;0.095886;28.776;0.80136;0.93811;0.2902;26.17;28.199
0.1;0.4;150;0.077677;28.343;0.78498;0.92569;0.26488;25.437;27.278
0.1;0.4;200;0.05717;27.721;0.76388;0.90704;0.2334;24.377;25.946
0.1;0.4;270;0.042725;27.095;0.7426;0.88506;0.20523;23.364;24.709
0.1;0.5;0.5;4.4904;59.929;0.99923;0.99991;0.99173;60.804;71.409
0.1;0.5;1.5;2.7735;49.478;0.99276;0.99932;0.91371;51.979;61.299
0.1;0.5;3;1.8733;44.927;0.98278;0.99824;0.80964;47.16;55.76
0.1;0.5;6;1.1937;40.869;0.96542;0.99596;0.68692;42.494;50.069
0.1;0.5;8;0.97646;39.35;0.95548;0.99445;0.63867;40.649;47.696
0.1;0.5;12;0.72428;37.369;0.93838;0.99154;0.57518;38.115;44.284
0.1;0.5;20;0.48482;35.142;0.91331;0.98635;0.50617;35.262;40.403
0.1;0.5;40;0.27358;32.752;0.87722;0.97612;0.42658;31.838;35.725
0.1;0.5;80;0.14874;30.599;0.83316;0.95714;0.34376;28.414;31.096
0.1;0.5;100;0.11587;29.523;0.81548;0.94745;0.31647;26.94;29.101
0.1;0.5;120;0.095886;28.774;0.80156;0.93817;0.29159;26.187;28.215
0.1;0.5;150;0.077677;28.345;0.78475;0.92562;0.26611;25.444;27.286
0.1;0.5;200;0.05717;27.738;0.76344;0.90685;0.23471;24.417;25.995
0.1;0.5;270;0.042725;27.109;0.74157;0.88448;0.2062;23.381;24.73
0.1;0.6;0.5;4.4904;59.277;0.99912;0.9999;0.99205;60.163;70.742
0.1;0.6;1.5;2.7735;49.267;0.99251;0.99929;0.91472;51.757;61.094
0.1;0.6;3;1.8733;44.753;0.98239;0.99819;0.80895;46.981;55.553
0.1;0.6;6;1.1937;40.73;0.96502;0.99589;0.68616;42.372;49.893
0.1;0.6;8;0.97646;39.229;0.95513;0.99438;0.63807;40.545;47.545
0.1;0.6;12;0.72428;37.268;0.93817;0.99145;0.57501;38.029;44.124
0.1;0.6;20;0.48482;35.068;0.91335;0.98625;0.50648;35.2;40.27
0.1;0.6;40;0.27358;32.703;0.87738;0.97598;0.42725;31.78;35.613
0.1;0.6;80;0.14874;30.537;0.83306;0.95679;0.34438;28.319;30.967
0.1;0.6;100;0.11587;29.458;0.81525;0.94697;0.31688;26.855;28.988
0.1;0.6;120;0.095886;28.731;0.80113;0.93755;0.29204;26.128;28.129
0.1;0.6;150;0.077677;28.303;0.78399;0.92471;0.26651;25.371;27.189
0.1;0.6;200;0.05717;27.701;0.76223;0.90563;0.23535;24.367;25.93
0.1;0.6;270;0.042725;27.061;0.73996;0.88263;0.20675;23.303;24.635
0.1;0.7;0.5;4.4904;58.101;0.99891;0.99988;0.99158;59.073;69.818
0.1;0.7;1.5;2.7735;48.902;0.99208;0.99925;0.91369;51.332;60.762
0.1;0.7;3;1.8733;44.461;0.98174;0.99811;0.80611;46.611;55.205
0.1;0.7;6;1.1937;40.498;0.96424;0.99575;0.68362;42.08;49.538
0.1;0.7;8;0.97646;39.024;0.95437;0.99421;0.63607;40.292;47.223
0.1;0.7;12;0.72428;37.096;0.93756;0.99126;0.57363;37.818;43.822
0.1;0.7;20;0.48482;34.941;0.91296;0.98599;0.50576;35.031;40.005
0.1;0.7;40;0.27358;32.603;0.87704;0.97553;0.42691;31.625;35.365
0.1;0.7;80;0.14874;30.429;0.83248;0.95594;0.34418;28.139;30.721
0.1;0.7;100;0.11587;29.35;0.81445;0.94592;0.31635;26.698;28.784
0.1;0.7;120;0.095886;28.652;0.80016;0.93627;0.29177;25.998;27.952
0.1;0.7;150;0.077677;28.217;0.78254;0.92297;0.26616;25.221;26.995
0.1;0.7;200;0.05717;27.614;0.76064;0.90344;0.2355;24.234;25.765
0.1;0.7;270;0.042725;26.951;0.73768;0.87959;0.20685;23.137;24.432
0.1;0.8;0.5;4.4904;56.831;0.99861;0.99985;0.99063;57.965;68.869
0.1;0.8;1.5;2.7735;48.409;0.99147;0.99918;0.91078;50.719;60.281
0.1;0.8;3;1.8733;44.067;0.98082;0.99797;0.80128;46.091;54.704
0.1;0.8;6;1.1937;40.186;0.96313;0.99554;0.67964;41.67;49.076
0.1;0.8;8;0.97646;38.744;0.9532;0.99395;0.63255;39.916;46.768
0.1;0.8;12;0.72428;36.862;0.93653;0.99092;0.57116;37.503;43.391
0.1;0.8;20;0.48482;34.756;0.9121;0.98554;0.50401;34.763;39.623
0.1;0.8;40;0.27358;32.456;0.87621;0.97477;0.42564;31.379;34.999
0.1;0.8;80;0.14874;30.277;0.8313;0.95457;0.34301;27.882;30.375
0.1;0.8;100;0.11587;29.201;0.8132;0.94434;0.31515;26.475;28.5
0.1;0.8;120;0.095886;28.539;0.79866;0.93433;0.29078;25.805;27.701
0.1;0.8;150;0.077677;28.095;0.78075;0.92055;0.26544;25.009;26.723
0.1;0.8;200;0.05717;27.479;0.75834;0.90029;0.23516;24.025;25.51
0.1;0.8;270;0.042725;26.785;0.73497;0.87541;0.20673;22.896;24.14
0.1;0.9;0.5;4.4904;55.656;0.99825;0.99981;0.98943;56.976;68.012
0.1;0.9;1.5;2.7735;47.838;0.99068;0.99908;0.90619;50.022;59.726
0.1;0.9;3;1.8733;43.594;0.97962;0.99779;0.79481;45.458;54.076
0.1;0.9;6;1.1937;39.814;0.96168;0.99525;0.67463;41.167;48.515
0.1;0.9;8;0.97646;38.409;0.95171;0.9936;0.62826;39.453;46.198
0.1;0.9;12;0.72428;36.575;0.93508;0.99047;0.5677;37.099;42.859
0.1;0.9;20;0.48482;34.53;0.91088;0.98493;0.50154;34.419;39.152
0.1;0.9;40;0.27358;32.272;0.87495;0.97375;0.42362;31.066;34.55
0.1;0.9;80;0.14874;30.086;0.8296;0.95274;0.34115;27.562;29.954
0.1;0.9;100;0.11587;29.018;0.81136;0.94218;0.31326;26.197;28.15
0.1;0.9;120;0.095886;28.396;0.79672;0.93181;0.28935;25.559;27.386
0.1;0.9;150;0.077677;27.934;0.77838;0.91737;0.2642;24.737;26.381
0.1;0.9;200;0.05717;27.303;0.75555;0.89637;0.23451;23.755;25.182
0.1;0.9;270;0.042725;26.573;0.73176;0.87032;0.20624;22.594;23.779
0.1;1;0.5;4.4904;54.62;0.99784;0.99977;0.98811;56.095;67.186
0.1;1;1.5;2.7735;47.218;0.98972;0.99897;0.90032;49.281;59.095
0.1;1;3;1.8733;43.075;0.97818;0.99758;0.78716;44.79;53.39
0.1;1;6;1.1937;39.396;0.95991;0.9949;0.66858;40.599;47.866
0.1;1;8;0.97646;38.032;0.94993;0.99317;0.62325;38.934;45.571
0.1;1;12;0.72428;36.25;0.93335;0.98992;0.56366;36.643;42.272
0.1;1;20;0.48482;34.268;0.90933;0.98418;0.49842;34.018;38.612
0.1;1;40;0.27358;32.053;0.87326;0.97246;0.42097;30.698;34.041
0.1;1;80;0.14874;29.863;0.82754;0.9505;0.33884;27.199;29.485
0.1;1;100;0.11587;28.806;0.80907;0.93951;0.31096;25.877;27.753
0.1;1;120;0.095886;28.232;0.7944;0.92874;0.28747;25.274;27.029
0.1;1;150;0.077677;27.745;0.77555;0.91355;0.26262;24.424;25.994
0.1;1;200;0.05717;27.092;0.75239;0.89165;0.23354;23.436;24.796
0.1;1;270;0.042725;26.322;0.7283;0.86437;0.20568;22.246;23.37
0.65;0;0.5;4.7818;55.941;0.99855;0.99984;0.97073;57.16;69.522
0.65;0;1.5;3.3401;48.951;0.99366;0.9993;0.89626;50.386;61.409
0.65;0;3;2.4879;45.13;0.98691;0.99843;0.8183;46.158;56.018
0.65;0;6;1.7234;41.596;0.97474;0.99667;0.72265;42.01;50.23
0.65;0;8;1.4539;40.269;0.96752;0.9955;0.6809;40.414;47.944
0.65;0;12;1.1309;38.483;0.95545;0.9933;0.62406;38.248;44.721
0.65;0;20;0.80774;36.479;0.93723;0.98936;0.55771;35.715;41.03
0.65;0;40;0.48395;33.796;0.90216;0.97993;0.4646;32.172;35.918
0.65;0;80;0.27659;31.096;0.86043;0.9633;0.37737;28.742;31.273
0.65;0;100;0.22935;30.612;0.84821;0.95686;0.35292;27.96;30.252
0.65;0;120;0.19814;30.225;0.83827;0.95;0.33335;27.323;29.411
0.65;0;150;0.16492;29.64;0.82469;0.94134;0.30977;26.418;28.241
0.65;0;200;0.12773;28.755;0.80545;0.92563;0.27845;25.163;26.694
0.65;0;270;0.092082;27.332;0.78273;0.90329;0.2461;23.206;24.342
0.65;0.1;0.5;4.7818;57.757;0.99908;0.99989;0.98016;58.763;71.748
0.65;0.1;1.5;3.3401;50.195;0.9952;0.99947;0.91715;51.63;62.985
0.65;0.1;3;2.4879;46.337;0.98974;0.99881;0.84826;47.477;57.713
0.65;0.1;6;1.7234;42.711;0.97931;0.99739;0.75484;43.314;51.997
0.65;0.1;8;1.4539;41.338;0.9729